270
274
292
300
313
335
337
341
346
353
374
379
389
391
406
421
438
445
463
486
489
490
503
506
507
518
527
529
550
551
556
592
593
606
625
642
658
676
683
685
696
733
745
761
772
790
799
815
820
823
829
832
842
847
850
875
884
913
934
936
1059
1060
1076
1085
1087
1103
1109
1135
1150
1163
1170
1171
1191
1210
1249
1263
1268
1302
1314
1333
1342
1344
1346
1348
1353
1358
1379
1385
1397
1411
1416
1437
1439
1440
1441
1457
1458
1464
1469
1479
1482
1495
1498
1507
1513
1514
1515
1543
1548
1558
1563
1576
1578
1597
1599
1604
1627
1643
1684
1710
1715
1722
1729
1738
1752
1758
1800
1807
1812
1820
1856
1884
1887
1900
1903
1904
1912
1913
1914
1918
1926
1927
1942
1947
1955
1959
1960
1968
1973
1987
2035
2037
2040
2061
2067
2081
2091
2094
2106
2110
2113
2119
2132
2207
2215
2245
2258
2272
2282
2286
2299
2306
2342
2349
2375
2381
2388
2395
2399
2416
2448
2449
2453
2473
2509
2510
2523
2528
2536
2537
2597
2607
2623
2627
2659
2667
2692
2704
2706
2710
2723
2749
2755
2756
2775
2777
2782
2808
2836
2842
2848
2891
2910
2933
2939
2945
2969
2973
3004
3025
3037
3039
3049
3052
3055
3073
3096
3102
3117
3122
3126
3140
3177
3239
3242
3250
3256
3259
3267
3295
3311
3340
3397
3405
3411
3418
3419
3425
3431
3483
3486
3503
3531
3532
3592
3602
3606
3619
3634
3638
3646
3653
3695
3698
3732
3737
3738
3743
3809
3817
3827
3828
3833
3840
3852
3867
3871
3906
3912
3931
3933
3955
3961
3966
3994
4002
4012
4014
4039
4040
4051
4054
4068
4084
4094
4099
4113
4136
4144
4158
4181
4195
4197
4201
4206
4207
4226
4231
4252
4255
4276
4285
4290
4291
4320
4331
4336
4346
4369
4399
4423
4444
4455
4456
4504
4543
4551
4573
4582
4633
4659
4680
4683
4711
4741
4784
4794
4795
4890
4891
4900
4913
4950
4964
4974
4993
5011
5023
5025
5031
5038
5077
5095
5102
5126
5136
5144
5147
5170
5175
5183
5184
5230
5239
5284
5290
5300
5301
5339
5365
5388
5425
5465
5496
5497
5499
5512
5581
5583
5584
5622
5628
5629
5646
5648
5654
5672
5725
5730
5740
5747
5804
5806
5807
5812
5849
5861
5869
5884
5886
5899
5907
5918
5944
5949
5950
5986
6011
6023
6027
6031
6036
6040
6063
6078
6101
6154
6157
6160
6166
6179
6180
6196
6247
6272
6285
6286
6312
6319
6327
6344
6354
6363
6364
6380
6395
6402
6409
6422
6433
6441
6454
6476
6496
6502
6521
6525
6528
6532
6539
6543
6555
6568
6573
6579
6592
6600
6604
6613
6616
6618
6627
6628
6629
6634
6636
6638
6659
6675
6681
6696
6706
6709
6730
6740
6759
6781
6807
6840
6843
6861
6865
6868
6870
6883
6896
6936
6941
6943
6954
6968
6971
6990
7011
7039
7042
7044
7063
7081
7097
7108
7113
7124
7164
7201
7267
7292
7299
7332
7341
7393
7479
7528
7540
7543
7564
7583
7594
7600
7604
7609
7615
7687
7699
7704
7728
7732
7735
7749
7756
7765
7767
7768
7770
7798
7829
7831
7834
7837
7840
7843
7851
7863
7873
7926
7936
7942
7945
7984
8003
8016
8027
8047
8071
8072
8076
8081
8083
8084
8092
8120
8123
8140
8141
8152
8179
8203
8208
8211
8215
8236
8239
8240
8264
8290
8293
8299
8318
8371
8410
8413
8512
8548
8565
8572
8593
8595
8603
8650
8651
8653
8655
8668
8683
8773
8782
8809
8872
8883
8885
8886
8890
8917
8926
8947
8950
8982
8983
8986
8991
8994
9016
9037
9053
9072
9073
9085
9092
9112
9120
9130
9151
9166
9203
9204
9207
9223
9237
9246
9250
9286
9344
9348
9352
9389
9391
9409
9419
9430
9438
9447
9448
9451
9477
9509
9526
9529
9565
9582
9693
9700
9738
9742
9745
9749
9757
9802
9803
9805
9866
9867
9891
9893
9924
9928
9943
9967
9991
9996
10029
10030
10042
10051
10060
10078
10097
10116
10138
10153
10167
10186
10195
10228
10252
10261
10262
10265
10277
10279
10319
10323
10324
10360
10376
10396
10440
10448
10452
10507
10525
10568
10582
10594
10605
10615
10634
10641
10663
10702
10741
10747
10755
10761
10789
10790
10792
10795
10798
10802
10833
10834
10835
10851
10870
10874
10904
10954
10969
10977
10981
10983
10992
10993
11001
11025
11074
11083
11109
11117
11132
11161
11200
11201
11224
11230
11234
11272
11273
11287
11288
11289
11291
11296
11300
11332
11335
11371
11379
11386
11417
11418
11430
11471
11474
11494
11497
11500
11503
11507
11514
11518
11522
11533
11548
11564
11565
11572
11573
11575
11577
11591
11595
11619
11653
11672
11686
11704
11747
11750
11758
11781
11782
11783
11804
11812
11824
11833
11842
11878
11884
11916
11919
11941
11950
11955
11956
12025
12043
12049
12067
12071
12076
12081
12085
12100
12110
12115
12116
12134
12162
12171
12191
12238
12357
12410
12439
12454
12469
12473
12478
12497
12499
12513
12525
12534
12558
12628
12725
12756
12759
12760
12769
12778
12781
12784
12789
12809
12817
12823
12878
12880
12885
12890
12892
12921
12964
12970
12988
13011
13019
13059
13115
13119
13138
13201
13216
13247
13261
13273
13329
13366
13372
13433
13459
13487
13514
13517
13536
13551
13627
13639
13653
13665
13667
13671
13698
13713
13715
13730
13761
13842
13851
13860
13862
13887
13898
13975
13989
13993
14024
14053
14117
14118
14120
14125
14156
14178
14181
14183
14187
14202
14220
14222
14223
14230
14259
14286
14293
14313
14322
14359
14396
14407
14408
14481
14511
14568
14571
14592
14646
14649
14653
14672
14676
14694
14697
14700
14703
14708
14712
14724
14740
14747
14767
14786
14805
14829
14838
14874
14937
14988
14991
15026
15032
15096
15180
15202
15237
15240
15276
15279
15324
15352
15380
15396
15406
15438
15451
15477
15480
15540
15594
15598
15606
15647
15649
15654
15656
15720
15738
15756
15766
15774
15779
15830
15852
15879
15906
15921
15925
15952
15957
15960
15972
15978
15982
16012
16014
16017
16024
16044
16092
16111
16170
16176
16178
16224
16242
16251
16260
16283
16293
16308
16332
16335
16356
16362
16377
16391
16393
16394
16428
16456
16457
16466
16468
16479
16500
16528
16578
16586
16596
16610
16616
16638
16639
16647
16650
16694
16726
16733
16741
16748
16756
16767
16776
16806
16887
16889
16912
16915
16926
16935
16985
16987
16993
17002
17004
17012
17014
17019
17040
17058
17069
17079
17104
17121
17122
17142
17172
17181
17241
17247
17259
17285
17304
17331
17337
17339
17344
17353
17403
17407
17410
17430
17478
17493
17502
17550
17565
17572
17574
17586
17588
17615
17639
17644
17658
17659
17666
17676
17678
17679
17688
17690
17734
17751
17762
17766
17799
17865
17916
17963
17964
17977
17987
18018
18028
18029
18032
18052
18060
18079
18115
18129
18131
18144
18167
18171
18175
18176
18183
18248
18255
18259
18264
18292
18326
18348
18366
18377
18394
18395
18424
18452
18457
18458
18486
18488
18501
18508
18526
18538
18550
18555
18568
18576
18583
18591
18645
18647
18651
18657
18687
18694
18699
18736
18747
18754
18762
18788
18828
18831
18861
18877
18885
18921
18928
18981
18998
19009
19017
19019
19029
19070
19071
19079
19083
19101
19113
19137
19164
19170
19180
19185
19200
19220
19225
19242
19253
19273
19283
19355
19366
19390
19398
19425
19448
19452
19488
19509
19516
19524
19542
19544
19560
19572
19635
19677
19684
19718
19732
19826
19833
19839
19854
19862
19872
19894
19955
19960
19962
19970
19974
19977
19983
19999
20014
20015
20016
20028
20033
20051
20060
20069
20102
20124
20130
20148
20178
20233
20256
20262
20268
20272
20274
20275
20295
20312
20374
20376
20389
20391
20422
20428
20429
20442
20451
20480
20483
20484
20578
20599
20621
20622
20623
20624
20629
20661
20675
20724
20755
20762
20923
20931
20946
20952
20962
21054
21057
21066
21077
21090
21093
21099
21108
21119
21123
21132
21137
21138
21154
21187
21194
21214
21220
21234
21255
21258
21291
21304
21306
21334
21364
21365
21431
21452
21507
21518
21575
21581
21586
21597
21600
21608
21614
21618
21621
21624
21627
21637
21638
21658
21736
21762
21764
21766
21785
21800
21801
21802
21808
21811
21846
21855
21859
21875
21910
21911
21938
21952
21974
21976
21987
21989
21990
21994
22000
22006
22016
22018
22020
22021
22028
22032
22051
22082
22083
22094
22104
22107
22127
22132
22156
22162
22188
22201
22206
22208
22225
22227
22255
22259
22264
22280
22295
22320
22323
22326
22332
22335
22346
22348
22377
22383
22386
22388
22432
22444
22450
22452
22453
22468
22480
22482
22521
22522
22591
22597
22599
22618
22657
22661
22675
22687
22713
22745
22801
22812
22813
22858
22879
22893
22916
22917
22927
22945
22964
22973
22992
22995
23012
23029
23034
23043
23063
23120
23126
23155
23185
23191
23220
23248
23271
23287
23311
23315
23324
23401
23403
23415
23426
23436
23439
23481
23506
23520
23525
23541
23548
23551
23587
23593
23598
23604
23638
23644
23663
23664
23673
23707
23709
23730
23731
23756
23842
23844
23868
23876
23878
23895
23897
23900
23929
23948
23986
23987
23997
24000
24007
24026
24034
24076
24088
24096
24102
24106
24109
24124
24134
24138
24146
24197
24199
24223
24224
24242
24328
24334
24348
24349
24376
24378
24382
24383
24386
24389
24390
24410
24415
24432
24433
24442
24469
24484
24499
24502
24506
24565
24586
24601
24620
24642
24739
24748
24774
24780
24781
24794
24795
24805
24814
24822
24832
24833
24834
24862
24865
24872
24902
24904
24910
24914
24919
24926
24928
24933
24942
24950
24973
24977
25000
25006
25009
25046
25047
25049
25050
25054
25062
25088
25105
25126
25135
25151
25180
25198
25202
25207
25217
25229
25234
25247
25266
25276
25297
25317
25327
25339
25340
25356
25413
25427
25429
25433
25437
25440
25445
25450
25460
25469
25471
25480
25487
25489
25505
25513
25517
25521
25524
25527
25531
25534
25552
25553
25563
25565
25567
25568
25571
25572
25583
25584
25595
25596
25601
25614
25617
25621
25624
25626
25630
25641
25644
25647
25665
25681
25689
25690
25703
25708
25710
25711
25714
25718
25720
25721
25728
25731
25757
25782
25785
25793
25827
25831
25844
25878
25879
25881
25886
25889
25904
25906
25907
25916
25919
25922
25930
25931
25933
25947
25968
25979
25987
25996
26022
26059
26060
26062
26063
26065
26069
26078
26088
26106
26110
26124
26128
26130
26144
26149
26150
26151
26157
26160
26163
26176
26222
26244
26270
26304
26305
26314
26319
26325
26389
26415
26424
26433
26456
26458
26459
26464
26520
26526
26528
26530
26537
26539
26562
26589
26604
26606
26612
26625
26645
26664
26677
26681
26693
26700
26709
26713
26718
26720
26729
26730
26735
26760
26767
26787
26801
26822
26833
26834
26849
26873
26876
26882
26885
26894
26895
26907
26912
26918
26951
26966
26972
27000
27005
27012
27020
27046
27059
27074
27122
27123
27143
27146
27147
27198
27204
27212
27213
27220
27230
27239
27263
27264
27271
27294
27297
27299
27382
27383
27384
27389
27415
27424
27442
27447
27455
27468
27493
27494
27497
27498
27506
27509
27513
27516
27523
27561
27577
27583
27600
27603
27617
27630
27633
27638
27641
27643
27647
27651
27669
27671
27673
27674
27691
27703
27739
27741
27747
27752
27754
27763
27769
27798
27800
27804
27807
27808
27826
27827
27847
27865
27866
27874
27879
27881
27883
27886
27887
27889
27890
27911
27920
27925
27939
27942
27944
27960
27964
27972
27987
27996
28011
28027
28044
28045
28048
28052
28053
28054
28056
28057
28068
28075
28077
28080
28083
28087
28089
28093
28095
28097
28106
28109
28111
28129
28133
28139
28144
28167
28169
28191
28209
28221
28227
28245
28247
28251
28253
28254
28262
28270
28271
28272
28277
28278
28280
28281
28282
28291
28300
28308
28310
28311
28313
28315
28317
28321
28326
28334
28338
28344
28361
28362
28371
28373
28378
28383
28392
28394
28453
28460
28461
28472
28498
28507
28509
28512
28516
28541
28559
28580
28603
28618
28647
28651
28655
28657
28677
28681
28688
28690
28697
28699
28703
28706
28715
28717
28724
28725
28739
28742
28744
28747
28759
28795
28821
28833
28836
28842
28845
28847
28849
28851
28854
28863
28868
28869
28872
28873
28877
28878
28879
28880
28881
28882
28883
28884
28887
28890
28892
28893
28895
28896
28897
28899
28903
28909
28912
28916
28926
28928
28932
28951
28957
28967
28975
28977
28979
28980
28991
29024
29044
29053
29077
29085
29095
29109
29144
29145
29148
29167
29171
29179
29188
29191
29194
29197
29224
29227
29249
29250
29260
29266
29272
29274
29281
29292
29304
29311
29347
29348
29349
29350
29353
29358
29359
29362
29364
29366
29374
29386
29399
29402
29409
29420
29421
29422
29426
29427
29433
29439
29440
29445
29449
29451
29464
29466
29468
29474
29495
29499
29500
29508
29509
29524
29535
29538
29540
29541
29543
29553
29554
29555
29575
29581
29587
29614
29625
29640
29642
29645
29648
29655
